<svg width="143" height="41" viewBox="0 0 143 41" fill="none" xmlns="http://www.w3.org/2000/svg">
<g clip-path="url(#clip0_8551_88)">
<path d="M7.48434 20.0061C12.9343 14.9412 19.4908 11.4647 26.4596 9.70655C26.6504 9.65839 26.8892 9.60121 27.1759 9.53498C27.6974 9.41462 28.2176 9.7397 28.3379 10.261C28.3441 10.2875 28.349 10.3141 28.3529 10.3409C28.3953 10.6357 28.4288 10.8818 28.4531 11.0791C29.3321 18.2095 28.4613 25.5764 25.7108 32.4864C23.2622 31.4722 20.8626 30.2631 18.5333 28.8553L13.5879 31.6004C13.2955 31.7627 12.9268 31.6572 12.7645 31.3648C12.701 31.2502 12.6762 31.1182 12.694 30.9884L13.4652 25.385C11.3103 23.7223 9.3154 21.9223 7.48434 20.0061ZM14.9448 23.4673L16.0561 24.3248L15.5888 27.7193L18.5849 26.0563L19.7861 26.7823C21.2622 27.6745 22.7751 28.4874 24.3202 29.22C26.1107 23.7631 26.7267 17.9997 26.1519 12.2929C20.6234 13.8205 15.4728 16.4789 11.0325 20.1215C12.2743 21.2971 13.5793 22.4137 14.9448 23.4673ZM18.6869 23.1948C17.0314 22.0612 16.6082 19.8001 17.7419 18.1444C18.8755 16.4889 21.1367 16.0657 22.7922 17.1994C24.4479 18.3331 24.871 20.5942 23.7373 22.2497C22.6037 23.9054 20.3426 24.3285 18.6869 23.1948ZM20.0554 21.1963C20.6073 21.5742 21.361 21.4332 21.7388 20.8813C22.1167 20.3295 21.9757 19.5757 21.4238 19.1978C20.872 18.82 20.1182 18.9611 19.7403 19.5128C19.3625 20.0647 19.5036 20.8185 20.0554 21.1963Z" fill="#2B2B46"/>
</g>
<path d="M55.1133 24.094C55.1133 27.108 52.6933 29.22 48.7333 29.22C44.7513 29.22 42.2653 27.086 42.0233 23.742H45.4113C45.4993 25.48 46.6213 26.602 48.6673 26.602C50.3613 26.602 51.5713 25.854 51.5713 24.578C51.5713 23.588 50.8013 22.994 49.4593 22.73L46.8633 22.224C44.4653 21.762 42.6173 20.464 42.6173 17.846C42.6173 15.03 45.1033 13.006 48.5133 13.006C52.0553 13.006 54.6513 15.074 54.8713 18.374H51.4833C51.3733 16.724 50.2293 15.602 48.5573 15.602C46.9293 15.602 46.0053 16.526 46.0053 17.626C46.0053 18.704 46.9953 19.166 48.1393 19.386L50.8453 19.936C53.6173 20.486 55.1133 21.762 55.1133 24.094ZM64.0912 29V27.548C63.3212 28.648 62.1552 29.22 60.5492 29.22C58.1072 29.22 56.4792 27.79 56.4792 25.59C56.4792 23.302 58.3272 22.07 61.7592 22.07C62.4192 22.07 62.9912 22.114 63.7172 22.202V21.498C63.7172 20.178 62.9692 19.408 61.6932 19.408C60.3732 19.408 59.5812 20.178 59.4712 21.498H56.7212C56.8972 18.792 58.8552 17.032 61.6932 17.032C64.7732 17.032 66.5772 18.726 66.5772 21.608V29H64.0912ZM59.3612 25.502C59.3612 26.492 60.0652 27.108 61.2092 27.108C62.7712 27.108 63.7172 26.25 63.7172 24.886V24.05C62.9912 23.94 62.4852 23.896 61.9572 23.896C60.2192 23.896 59.3612 24.446 59.3612 25.502ZM75.9884 29V27.548C75.2184 28.648 74.0524 29.22 72.4464 29.22C70.0044 29.22 68.3764 27.79 68.3764 25.59C68.3764 23.302 70.2244 22.07 73.6564 22.07C74.3164 22.07 74.8884 22.114 75.6144 22.202V21.498C75.6144 20.178 74.8664 19.408 73.5904 19.408C72.2704 19.408 71.4784 20.178 71.3684 21.498H68.6184C68.7944 18.792 70.7524 17.032 73.5904 17.032C76.6704 17.032 78.4744 18.726 78.4744 21.608V29H75.9884ZM71.2584 25.502C71.2584 26.492 71.9624 27.108 73.1064 27.108C74.6684 27.108 75.6144 26.25 75.6144 24.886V24.05C74.8884 23.94 74.3824 23.896 73.8544 23.896C72.1164 23.896 71.2584 24.446 71.2584 25.502ZM90.8115 25.238C90.8115 27.702 88.9415 29.22 85.5975 29.22C82.2535 29.22 80.3835 27.614 80.1415 24.996H83.0675C83.0895 26.206 84.1235 26.976 85.6415 26.976C86.8295 26.976 87.7315 26.602 87.7315 25.766C87.7315 25.018 87.2475 24.71 86.1255 24.49L84.0135 24.094C81.9015 23.72 80.6255 22.554 80.6255 20.728C80.6255 18.55 82.4955 17.032 85.4215 17.032C88.3695 17.032 90.3935 18.594 90.6135 21.124H87.6875C87.5775 19.98 86.7195 19.276 85.4215 19.276C84.2995 19.276 83.5515 19.694 83.5515 20.442C83.5515 21.146 84.0355 21.432 85.0915 21.63L87.3575 22.048C89.6455 22.488 90.8115 23.544 90.8115 25.238ZM91.9093 23.126C91.9093 19.65 93.9553 17.032 97.1233 17.032C98.5313 17.032 99.7193 17.648 100.599 18.77V13.204H103.635V29H100.841V27.306C99.9173 28.538 98.6413 29.22 97.1233 29.22C93.9553 29.22 91.9093 26.558 91.9093 23.126ZM95.0553 23.126C95.0553 25.326 96.3093 26.492 97.8053 26.492C99.3233 26.492 100.577 25.304 100.577 23.082C100.577 20.86 99.3013 19.738 97.8053 19.738C96.3093 19.738 95.0553 20.882 95.0553 23.126ZM111.249 29.198C107.729 29.198 105.375 26.756 105.375 23.082C105.375 19.584 107.817 17.032 111.205 17.032C114.923 17.032 117.387 20.046 116.837 23.874H108.499C108.697 25.788 109.621 26.844 111.183 26.844C112.525 26.844 113.427 26.184 113.779 25.018H116.815C116.155 27.68 114.109 29.198 111.249 29.198ZM111.139 19.276C109.709 19.276 108.807 20.2 108.543 21.938H113.603C113.515 20.31 112.591 19.276 111.139 19.276ZM128.587 25.238C128.587 27.702 126.717 29.22 123.373 29.22C120.029 29.22 118.159 27.614 117.917 24.996H120.843C120.865 26.206 121.899 26.976 123.417 26.976C124.605 26.976 125.507 26.602 125.507 25.766C125.507 25.018 125.023 24.71 123.901 24.49L121.789 24.094C119.677 23.72 118.401 22.554 118.401 20.728C118.401 18.55 120.271 17.032 123.197 17.032C126.145 17.032 128.169 18.594 128.389 21.124H125.463C125.353 19.98 124.495 19.276 123.197 19.276C122.075 19.276 121.327 19.694 121.327 20.442C121.327 21.146 121.811 21.432 122.867 21.63L125.133 22.048C127.421 22.488 128.587 23.544 128.587 25.238ZM133.513 29H130.455V13.204H133.513V22.224L137.803 17.252H141.323L136.461 22.884L141.895 29H138.001L133.513 23.544V29Z" fill="#2B2B46"/>
<defs>
<clipPath id="clip0_8551_88">
<rect width="29.0654" height="29.0654" fill="white" transform="translate(16.957) rotate(34.4009)"/>
</clipPath>
</defs>
</svg>
